0.01   0.0029777439457506854
0.760740740741   0.0029777347656328767
1.511481481481   0.002977725585512329
2.262222222222   0.002977716405378082
3.012962962963   0.002977698977347945
3.763703703704   0.0029776714383671233
4.514444444444   0.002977643899394521
5.265185185185   0.0029776163604164382
6.015925925926   0.002977572567723288
6.766666666667   0.002977526669876712
7.517407407407   0.002977480772032877
8.268148148148   0.002977428973531507
9.018888888889   0.002977364716830137
9.76962962963   0.0029773004600821915
10.52037037037   0.002977236203391781
11.271111111111   0.0029771580346136988
12.021851851852   0.0029770754116986296
12.772592592593   0.0029769927887369862
13.523333333333   0.0029769066252876716
14.274074074074   0.0029768057102082185
15.024814814815   0.0029767047951232872
15.775555555556   0.002976603880041096
16.526296296296   0.002976491571673973
17.277037037037   0.0029763725612767123
18.027777777778   0.002976253550854795
18.778518518519   0.002976133365665754
19.529259259259   0.002975996474279452
20.28   0.0029758595829506842
21.030740740741   0.0029757226915643835
21.781481481481   0.0029755769149479453
22.532222222222   0.002975422315873973
23.282962962963   0.002975267716783562
24.033703703704   0.002975113117712329
24.784444444444   0.0029749420175753426
25.535185185185   0.0029747698238958907
26.285925925926   0.002974597630224657
27.036666666667   0.0029744188693041095
27.787407407407   0.002974229112509589
28.538148148148   0.002974039355690411
29.288888888889   0.0029738495988630136
30.03962962963   0.0029736455553123287
30.79037037037   0.002973438160438356
31.541111111111   0.0029732307655205483
32.291851851852   0.0029730189788219176
33.042592592593   0.0029727937359753424
33.793333333333   0.0029725684931643835
34.544074074074   0.0029723432502958905
35.294814814815   0.0029721055749808217
36.045555555556   0.0029718621064630138
36.796296296296   0.0029716186378438356
37.547037037037   0.002971372945810959
38.297777777778   0.002971110668482192
39.048518518519   0.002970848391158904
39.799259259259   0.0029705861138356166
40.55   0.0029703129526465746
41.300740740741   0.00297003103949315
42.051481481481   0.0029697491263013702
42.802222222222   0.0029694672132054793
43.552962962963   0.0029691647552986303
44.303703703704   0.0029688620974219183
45.054444444444   0.0029685594395698635
45.805185185185   0.002968247328621918
46.555925925926   0.0029679225029479455
47.306666666667   0.002967597677284931
48.057407407407   0.0029672728516438357
48.808148148148   0.0029669273933835617
49.558888888889   0.002966578646060275
50.30962962963   0.002966229898693151
51.06037037037   0.0029658733862547946
51.811111111111   0.002965498632076712
52.561851851852   0.0029651238779041093
53.312592592593   0.002964749123761644
54.063333333333   0.002964353508219178
54.814074074074   0.002963950357835616
55.564814814815   0.002963547207427397
56.315555555556   0.0029631387588164386
57.066296296296   0.002962704574827397
57.817037037037   0.002962270390879452
58.567777777778   0.0029618362068904104
59.318518518519   0.0029613814882794515
60.069259259259   0.0029609134634273975
60.82   0.0029604454385780826
61.570740740741   0.0029599758389068495
62.321481481481   0.00295947108300274
63.072222222222   0.0029589663271068494
63.822962962963   0.0029584615712109586
64.573703703704   0.0029579378384657533
65.324444444444   0.0029573934605863013
66.075185185185   0.0029568490826931506
66.825925925926   0.002956304704808219
67.576666666667   0.002955721484454795
68.327407407407   0.002955134656769863
69.078148148148   0.0029545478290876714
69.828888888889   0.0029539451404602735
70.57962962963   0.002953313136947945
71.33037037037   0.002952681133463014
72.081111111111   0.0029520491299041096
72.831851851852   0.002951379554550685
73.582592592593   0.0029506998205123284
74.333333333333   0.002950020086531507
75.084074074074   0.002949329182356165
75.834814814815   0.0029485994121589043
76.585555555556   0.0029478696419315067
77.336296296296   0.0029471398717123287
78.087037037037   0.002946375783991781
78.837777777778   0.0029455939633479446
79.588518518519   0.0029448121427041096
80.339259259259   0.002944025199709589
81.09   0.002943189677630137
81.840740740741   0.002942354155608219
82.591481481481   0.0029415186335369865
83.342222222222   0.0029406539220438364
84.092962962963   0.0029397634768931506
84.843703703704   0.0029388730317616435
85.594444444444   0.002937982586591781
86.345185185185   0.002937038236764383
87.095925925926   0.0029360920780931504
87.846666666667   0.0029351459194767123
88.597407407407   0.0029341771103424657
89.348148148148   0.0029331748316931503
90.098888888889   0.002932172552939726
90.84962962963   0.0029311702742630136
91.60037037037   0.002930120769219178
92.351111111111   0.0029290622472602735
93.101851851852   0.002928003725336986
93.852592592593   0.0029269296971424657
94.603333333333   0.002925814942936986
95.354074074074   0.0029247001887534245
96.104814814815   0.002923585434528767
96.855555555556   0.002922430625564384
97.606296296296   0.0029212596009835622
98.357037037037   0.0029200885764082193
99.107777777778   0.002918909187635617
99.858518518519   0.0029176816101863018
100.609259259259   0.002916454032731507
101.36   0.0029152264552767125
102.110740740741   0.002913965439852055
102.861481481481   0.0029126806030438357
103.612222222222   0.002911395766235617
104.362962962963   0.0029101097561205483
105.113703703704   0.002908766391682192
105.864444444444   0.002907423027282192
106.615185185185   0.0029060796628630134
107.365925925926   0.00290470873409315
108.116666666667   0.002903304937378082
108.867407407407   0.002901901140742466
109.618148148148   0.002900497344052055
110.368888888889   0.0028990373612000006
111.11962962963   0.002897570589147945
111.87037037037   0.002896103817123287
112.621111111111   0.0028946153504958902
113.371851851852   0.002893082490183562
114.122592592593   0.002891549629830137
114.873333333333   0.00289001676949863
115.624074074074   0.002888430673383562
116.374814814815   0.002886828163646575
117.125555555556   0.0028852256538876714
117.876296296296   0.002883608410895891
118.627037037037   0.002881932386668493
119.377777777778   0.0028802563624465757
120.128518518519   0.0028785803382273974
120.879259259259   0.002876854956479453
121.63   0.002875101385394521
122.380740740741   0.002873347814328767
123.131481481481   0.002871588318813699
123.882222222222   0.0028697530991945207
124.632962962963   0.0028679178795917807
125.383703703704   0.0028660826599863016
126.134444444444   0.002864203803315068
126.885185185185   0.002862282791008219
127.635925925926   0.0028603617786931504
128.386666666667   0.0028584407663561646
129.137407407407   0.0028564347169424656
129.888148148148   0.002854423690306849
130.638888888889   0.002852412663726027
131.38962962963   0.0028503657023616433
132.14037037037   0.0028482603044164383
132.891111111111   0.002846154906443836
133.641851851852   0.0028440495084931503
134.392592592593   0.002841863295473972
135.143333333333   0.0028396589629561646
135.894074074074   0.0028374546304356166
136.644814814815   0.002835224061547945
137.395555555556   0.0028329159981616437
138.146296296296   0.0028306079347068494
138.897037037037   0.0028282998713205477
139.647777777778   0.002825916944120548
140.398518518519   0.002823500225063014
141.149259259259   0.0028210835059698626
141.9   0.002818652596619178
142.650740740741   0.0028161224217287673
143.401481481481   0.0028135922468520546
144.152222222222   0.0028110620719616433
144.902962962963   0.002808465841282192
145.653703703704   0.002805817950624658
146.404444444444   0.002803170059969863
147.155185185185   0.002800522169312329
147.905925925926   0.0027977537182684933
148.656666666667   0.0027949849311917807
149.407407407407   0.002792216144060274
150.158148148148   0.0027893943027561645
150.908888888889   0.0027865030715835616
151.65962962963   0.0027836118403890405
152.41037037037   0.0027807206092246577
153.161111111111   0.0027777234736191783
153.911851851852   0.002774710424556164
154.662592592593   0.0027716973754575345
155.413333333333   0.0027686481160821923
156.164074074074   0.0027655165156575344
156.914814814815   0.002762384915227397
157.665555555556   0.0027592533148000004
158.416296296296   0.0027560383271315065
159.167037037037   0.002752794271257534
159.917777777778   0.00274955021539726
160.668518518519   0.0027462877461260277
161.419259259259   0.0027429400037178083
162.17   0.0027395922613287675
162.920740740741   0.002736244518939726
163.671481481481   0.0027328399295671233
164.422222222222   0.0027293995512438357
165.172962962963   0.002725959172934247
165.923703703704   0.0027225148236383564
166.674444444444   0.0027189945997232873
167.425185185185   0.002715474375854794
168.175925925926   0.002711954151950685
168.926666666667   0.002708401860131507
169.677407407407   0.002704815626539726
170.428148148148   0.0027012293929780827
171.178888888889   0.0026976431594273975
171.92962962963   0.0026940089647095886
172.68037037037   0.0026903707058082192
173.431111111111   0.0026867324468904112
174.181851851852   0.002683080293649315
174.932592592593   0.002679403218663014
175.683333333333   0.0026757261436438358
176.434074074074   0.0026720490687068494
177.184814814815   0.002668350541191781
177.935555555556   0.002664646448882192
178.686296296296   0.002660942356572603
179.437037037037   0.002657234291347945
180.187777777778   0.002653512933063014
180.938518518518   0.0026497915747369866
181.689259259259   0.0026460702164328768
182.44   0.0026423419903013703
183.190740740741   0.0026386103225863014
183.941481481481   0.0026348786548739725
184.692222222222   0.0026311463053534244
185.442962962963   0.0026274079690876717
186.193703703704   0.0026236696328273967
186.944444444444   0.002619931296558904
187.695185185185   0.002616189335041096
188.445925925926   0.0026124442644027395
189.196666666667   0.002608699193791781
189.947407407407   0.0026049541231643837
190.698148148148   0.002601198396030137
191.448888888889   0.002597442388832877
192.19962962963   0.0025936863816246572
192.95037037037   0.0025899223569369866
193.701111111111   0.0025861468171315067
194.451851851852   0.0025823712773178084
195.202592592593   0.0025785957374767124
195.953333333333   0.0025747926757315066
196.704074074074   0.002570984624808219
197.454814814815   0.002567176573879452
198.205555555556   0.0025633544644356166
198.956296296296   0.0025594966688630137
199.707037037037   0.0025556388732931507
200.457777777778   0.002551781077731507
201.208518518519   0.0025478723504356164
201.959259259259   0.002543943687038356
202.71   0.002540015023671233
203.460740740741   0.002536071615356165
204.211481481481   0.00253204767560274
204.962222222222   0.002528023735865753
205.712962962963   0.0025239997960931505
206.463703703704   0.002519903593090411
207.214444444444   0.0025157573458876713
207.965185185185   0.002511611098690411
208.715925925926   0.0025074607829369865
209.466666666667   0.0025031633229780823
210.217407407407   0.0024988658630301372
210.968148148148   0.002494568403106849
211.718888888889   0.002490187047931507
212.46962962963   0.0024857083808849313
213.22037037037   0.002481229713884932
213.971111111111   0.0024767510468246576
214.721851851852   0.002472082113690411
215.472592592593   0.0024673918172054793
216.223333333333   0.0024627015207123286
216.974074074074   0.0024579302107013696
217.724814814815   0.0024529981740246576
218.475555555556   0.0024480661373616434
219.226296296296   0.002443134100649315
219.977037037037   0.0024379931943780825
220.727777777778   0.0024327903205232874
221.478518518519   0.002427587446619178
222.229259259259   0.0024223226810109588
222.98   0.0024168212075123285
223.730740740741   0.002411319733969863
224.481481481481   0.002405818260427397
225.232222222222   0.0024001080157123288
225.982962962963   0.0023942820339780822
226.733703703704   0.002388456052306849
227.484444444444   0.0023826024539561645
228.235185185185   0.0023764287423178082
228.985925925926   0.002370255030654794
229.736666666667   0.0023640813190465753
230.487407407407   0.002357718262783562
231.238148148148   0.0023511772435068495
231.988888888889   0.0023446362241945204
232.73962962963   0.0023380952049150685
233.49037037037   0.002331190050273973
234.241111111111   0.0023242663615369863
234.991851851852   0.002317342672882192
235.742592592593   0.0023102664806575342
236.493333333333   0.0023029493763643836
237.244074074074   0.0022956322721123285
237.994814814815   0.002288315167846575
238.745555555556   0.002280669857145206
239.496296296296   0.002272954305367123
240.247037037037   0.002265238753632877
240.997777777778   0.0022574201959534245
241.748518518518   0.0022493081419068493
242.499259259259   0.0022411960878739724
243.25   0.002233084033871233
244.000740740741   0.002224702792608219
244.751481481481   0.0022162038973589046
245.502222222222   0.0022077050021589045
246.252962962963   0.002199157368594521
247.003703703704   0.0021902890563506847
247.754444444444   0.00218142074410137
248.505185185185   0.0021725524318575344
249.255925925926   0.0021634888346657535
250.006666666667   0.002154276714871233
250.757407407407   0.002145064595013699
251.508148148148   0.0021358512073287672
252.258888888889   0.002126328315906849
253.00962962963   0.002116805424460274
253.76037037037   0.002107282533052055
254.511111111111   0.0020976402001561642
255.261851851852   0.0020878459453561645
256.012592592593   0.002078051690594521
256.763333333333   0.0020682574357972603
257.514074074074   0.002058266025112329
258.264814814815   0.0020482467647232874
259.015555555556   0.002038227504282192
259.766296296296   0.0020281538012191782
260.517037037037   0.0020179602126136984
261.267777777778   0.0020077666240273973
262.018518518518   0.0019975730354136988
262.769259259259   0.001987289026410959
263.52   0.0019769746152136984
264.270740740741   0.0019666602039753425
265.021481481481   0.001956334140186302
265.772222222222   0.001945956553041096
266.522962962963   0.0019355789658876714
267.273703703704   0.001925201378712329
268.024444444444   0.0019148215388219178
268.775185185185   0.001904440321191781
269.525925925926   0.0018940591035698632
270.276666666667   0.0018836810119835616
271.027407407407   0.001873355030958904
271.778148148148   0.0018630290499397262
272.528888888889   0.0018527030689013699
273.27962962963   0.001842432451780822
274.03037037037   0.0018322188466630138
274.781111111111   0.0018220052415424657
275.531851851852   0.0018117916364849317
276.282592592593   0.0018017324308301369
277.033333333333   0.0017916850719315067
277.784074074074   0.0017816377130356164
278.534814814815   0.0017716689254438356
279.285555555556   0.0017618369408328766
280.036296296296   0.0017520049561315068
280.787037037037   0.0017421729714904109
281.537777777778   0.0017325481820849318
282.288518518519   0.0017229749047863014
283.039259259259   0.001713401627520548
283.79   0.0017038984809917808
284.540740740741   0.0016946211643068493
285.291481481481   0.0016853438477150682
286.042222222222   0.001676066531052055
286.792962962963   0.0016670098102712328
287.543703703704   0.0016580602574356165
288.294444444444   0.0016491107045780821
289.045185185185   0.0016401996625698633
289.795925925926   0.0016316030756082193
290.546666666667   0.0016230064886383563
291.297407407407   0.001614409901690411
292.048148148148   0.0016060149811698632
292.798888888889   0.001597788302347945
293.54962962963   0.001589561623509589
294.30037037037   0.0015813349446904112
295.051111111111   0.0015734805669095889
295.801851851852   0.0015656333020000002
296.552592592593   0.0015577860370164383
297.303333333333   0.0015500986859753423
298.054074074074   0.0015426346076136987
298.804814814815   0.0015351705292054795
299.555555555556   0.0015277064508630134
300.306296296296   0.0015205677171561641
301.057037037037   0.001513484872350685
301.807777777778   0.0015064020275561644
302.558518518518   0.0014994272164054795
303.309259259259   0.0014927175795890412
304.06   0.0014860079427534247
304.810740740741   0.001479298305942466
305.561481481481   0.0014728495201150682
306.312222222222   0.0014664994069150685
307.062962962963   0.0014601492937150685
307.813703703704   0.0014538540743041096
308.564444444444   0.0014478436092821918
309.315185185185   0.0014418331442410959
310.065925925926   0.001435822679219178
310.816666666667   0.001429999366509589
311.567407407407   0.0014243020259890411
312.318148148148   0.0014186046854383564
313.068888888889   0.001412916804928767
313.81962962963   0.0014074996269698627
314.57037037037   0.0014020824489561642
315.321111111111   0.0013966652709479453
316.071851851852   0.0013913614580958905
316.822592592593   0.0013861855647780822
317.573333333333   0.0013810096714383564
318.324074074074   0.00137583377810411
319.074814814815   0.0013708366436876714
319.825555555556   0.001365858074972603
320.576296296296   0.0013608795062
321.327037037037   0.0013559521158493148
322.077777777778   0.0013511231973561645
322.828518518518   0.0013462942788876713
323.579259259259   0.001341465360441096
324.33   0.0013367151934602739
325.080740740741   0.0013319874902383562
325.831481481481   0.001327259787019178
326.582222222222   0.001322543847720548
327.332962962963   0.001317871082180822
328.083703703704   0.0013131983165534245
328.834444444444   0.0013085255509561644
329.585185185185   0.0013038615769369864
330.335925925926   0.0012992023325506849
331.086666666667   0.0012945430882164383
331.837407407407   0.001289882093731507
332.588148148148   0.0012852025652164384
333.338888888889   0.0012805230367835616
334.08962962963   0.0012758435083041098
334.84037037037   0.001271140255569863
335.591111111111   0.0012664153089945206
336.341851851852   0.0012616903623726028
337.092592592593   0.0012569654157863015
337.843333333333   0.0012521810372986301
338.594074074074   0.0012473940807780823
339.344814814815   0.0012426071243123288
340.095555555556   0.0012377921257726028
340.846296296296   0.0012329340866767124
341.597037037037   0.001228076047550685
342.347777777778   0.0012232180084219178
343.098518518519   0.0012182981962520548
343.849259259259   0.0012133657830767123
344.6   0.0012084333699095891
345.350740740741   0.0012034813984356165
346.101481481481   0.0011984756358465753
346.852222222222   0.0011934698732958904
347.602962962963   0.0011884641107068493
348.353703703704   0.0011834100476904108
349.104444444444   0.0011783355515178084
349.855185185185   0.0011732610553150686
350.605925925926   0.00116817812990137
351.356666666667   0.0011630429011178084
352.107407407407   0.0011579076723561644
352.858148148148   0.0011527724435342467
353.608888888889   0.0011476088593726029
354.35962962963   0.0011424243054054795
355.11037037037   0.0011372397514821918
355.861111111111   0.0011320548207260275
356.611851851852   0.0011268358248684932
357.362592592593   0.0011216168289863015
358.113333333333   0.0011163978331315068
358.864074074074   0.0011111715812821919
359.614814814815   0.0011059363532356164
360.365555555556   0.0011007011252
361.116296296296   0.001095465897180822
361.867037037037   0.001090235014909589
362.617777777778   0.0010850047079561645
363.368518518518   0.0010797744009972603
364.119259259259   0.0010745530589452053
364.87   0.001069350841082192
365.620740740741   0.001064148623210959
366.371481481481   0.0010589464053397258
367.122222222222   0.0010537831536328766
367.872962962963   0.00104863253069863
368.623703703704   0.0010434819077205478
369.374444444444   0.0010383454858383563
370.125185185185   0.0010332690951342465
370.875925925926   0.001028192704369863
371.626666666667   0.0010231163136438356
372.377407407407   0.0010180996484136986
373.128148148148   0.0010131184560219178
373.878888888889   0.0010081372636602738
374.62962962963   0.0010031632788
375.38037037037   0.0009982956752438358
376.131111111111   0.0009934280717342468
376.881851851852   0.0009885604681452056
377.632592592593   0.0009837572129260273
378.383333333333   0.0009790184281150685
379.134074074074   0.0009742796433013698
379.884814814815   0.0009695408584465753
380.635555555556   0.0009649336750027398
381.386296296296   0.0009603355501452055
382.137037037037   0.0009557374253068493
382.887777777778   0.000951194830989041
383.638518518518   0.0009467461132630137
384.389259259259   0.0009422973955369862
385.14   0.000937848677789041
385.890740740741   0.0009335255272657535
386.641481481481   0.000929232263320548
387.392222222222   0.0009249389993506849
388.142962962963   0.0009206844966821917
388.893703703704   0.000916550207978082
389.644444444444   0.0009124159193013698
390.395185185185   0.0009082816306273973
391.145925925926   0.0009042562597068492
391.896666666667   0.0009002821694520547
392.647407407407   0.0008963080791972604
393.398148148148   0.0008923524717999999
394.148888888889   0.0008885377628219178
394.89962962963   0.0008847230538273972
395.65037037037   0.0008809083448547945
396.401111111111   0.0008771801301479451
397.151851851852   0.0008735221025123287
397.902592592593   0.0008698640748602739
398.653333333333   0.0008662060471917808
399.404074074074   0.0008626986440027398
400.154814814815   0.0008591930527863013
400.905555555556   0.0008556874616082191
401.656296296296   0.0008522442970465755
402.407037037037   0.0008488858738438357
403.157777777778   0.0008455274506191781
403.908518518519   0.0008421690273945205
404.659259259259   0.0008389322590684932
405.41   0.0008357152523780822
406.160740740741   0.0008324982457123288
406.911481481481   0.0008293214661561646
407.662222222222   0.0008262402093068493
408.412962962963   0.0008231589524739727
409.163703703704   0.0008200776956547945
409.914444444444   0.0008170918425095892
410.665185185185   0.0008141408463150686
411.415925925926   0.0008111898501561645
412.166666666667   0.0008082598742356165
412.917407407407   0.0008054336425972602
413.668148148148   0.0008026074110301369
414.418888888889   0.0007997811793890411
415.16962962963   0.0007970268824054795
415.92037037037   0.0007943196389315069
416.671111111111   0.0007916123954602741
417.421851851852   0.0007889097225643835
418.172592592593   0.0007863149841150686
418.923333333333   0.0007837202455945204
419.674074074074   0.0007811255071342465
420.424814814815   0.0007785808770219177
421.175555555556   0.0007760912537506849
421.926296296296   0.0007736016304465753
422.677037037037   0.0007711120072219178
423.427777777778   0.0007687108315506849
424.178518518519   0.0007663181081780823
424.929259259259   0.0007639253848356163
425.68   0.0007615634504328768
426.430740740741   0.000759258986460274
427.181481481481   0.0007569545224986302
427.932222222222   0.000754650058520548
428.682962962963   0.0007524081982876712
429.433703703704   0.0007501834924712327
430.184444444444   0.0007479587866465753
430.935185185185   0.0007457499965972602
431.685925925926   0.0007435973102986301
432.436666666667   0.0007414446240164383
433.187407407407   0.0007392919376958904
433.938148148148   0.0007371823497095889
434.688888888889   0.0007350952555534247
435.43962962963   0.0007330081613534247
436.19037037037   0.0007309267184
436.941111111111   0.0007289002995671234
437.691851851852   0.0007268738806849315
438.442592592593   0.0007248474618356164
439.193333333333   0.0007228513154356165
439.944074074074   0.0007208820993780822
440.694814814815   0.0007189128832931507
441.445555555556   0.0007169436672520549
442.196296296296   0.000715027473249315
442.947037037037   0.000713113186060274
443.697777777778   0.0007111988988931506
444.448518518518   0.0007093060439342466
445.199259259259   0.0007074451558958904
445.95   0.0007055842678767123
446.700740740741   0.0007037233798712328
447.451481481481   0.0007019061421013699
448.202222222222   0.0007000973779561645
448.952962962963   0.0006982886138328768
449.703703703704   0.000696493711569863
450.454444444444   0.0006947356296821918
451.205185185185   0.0006929775477534248
451.955925925926   0.0006912194658630136
452.706666666667   0.0006894958035835617
453.457407407407   0.0006877862287369864
454.208148148148   0.000686076653920548
454.958888888889   0.0006843736663890411
455.70962962963   0.0006827093177808219
456.46037037037   0.000681044969169863
457.211111111111   0.0006793806205863015
457.961851851852   0.0006777399844575342
458.712592592593   0.000676116398169863
459.463333333333   0.0006744928118849315
460.214074074074   0.0006728698490465753
460.964814814815   0.0006712812890684931
461.715555555556   0.0006696927290712329
462.466296296296   0.0006681041690904109
463.217037037037   0.0006665283133753425
463.967777777778   0.0006649677442438356
464.718518518518   0.0006634071751205478
465.469259259259   0.0006618466059643836
466.22   0.0006603036310356164
466.970740740741   0.0006587628319205479
467.721481481481   0.0006572220327479451
468.472222222222   0.0006556846674849315
469.222962962963   0.000654154401180822
469.973703703704   0.0006526241348575343
470.724444444444   0.0006510938685287671
471.475185185185   0.0006495638880273973
472.225925925926   0.0006480339968027397
472.976666666667   0.0006465041055315069
473.727407407407   0.000644972119528767
474.478148148148   0.0006434316576630136
475.228888888889   0.0006418911958109589
475.97962962963   0.0006403507339479451
476.73037037037   0.0006387962140219179
477.481111111111   0.0006372335869808219
478.231851851852   0.0006356709599287671
478.982592592593   0.0006341059187863013
479.733333333333   0.0006325089577369863
480.484074074074   0.0006309119967178082
481.234814814815   0.0006293150356794521
481.985555555556   0.0006276942646246576
482.736296296296   0.0006260502840794521
483.487037037037   0.0006244063035342465
484.237777777778   0.0006227623229945206
484.988518518519   0.0006210616569397262
485.739259259259   0.0006193575299945206
486.49   0.0006176534030739725
487.240740740741   0.0006159214072684932
487.991481481481   0.0006141436568438356
488.742222222222   0.0006123659064657534
489.492962962963   0.0006105881560410959
490.243703703704   0.000608739254860274
490.994444444444   0.0006068741605890411
491.745185185185   0.0006050090663561645
492.495925925926   0.0006031186072958904
493.246666666667   0.0006011523287780822
493.997407407407   0.0005991860502547945
494.748148148148   0.0005972197717424657
495.498888888889   0.0005951745215232877
496.24962962963   0.0005930932501041097
497.00037037037   0.0005910119786520549
497.751111111111   0.0005889149144876713
498.501851851852   0.0005867050645561643
499.252592592593   0.000584495214660274
500.003333333333   0.0005822853647315068
500.754074074074   0.0005799963114054795
501.504814814815   0.0005776447483041096
502.255555555556   0.0005752931851863013
503.006296296296   0.0005729416220821917
503.757037037037   0.0005704366546356163
504.507777777778   0.000567930912049315
505.258518518518   0.0005654251695013699
506.009259259259   0.0005628479867315068
506.76   0.0005601765073013699
507.510740740741   0.0005575050278465753
508.261481481481   0.0005548335483917808
509.012222222222   0.0005520093349452055
509.762962962963   0.0005491617158684931
510.513703703704   0.0005463140967917808
511.264444444444   0.0005434103522767123
512.015185185185   0.0005403776182767123
512.765925925926   0.0005373448842630137
513.516666666667   0.0005343121502712329
514.267407407407   0.0005311372372657534
515.018148148148   0.0005279121786438356
515.768888888889   0.0005246871199808219
516.51962962963   0.0005214274392136986
517.27037037037   0.000518004922509589
518.021111111111   0.0005145824057999999
518.771851851852   0.0005111598890767123
519.522592592593   0.0005076149208821918
520.273333333333   0.0005039921278273973
521.024074074074   0.0005003693347780822
521.774814814815   0.000496737018010959
522.525555555556   0.0004929136664493151
523.276296296296   0.000489090314860274
524.027037037037   0.0004852669632657534
524.777777777778   0.00048134783652054795
525.528518518518   0.0004773264219123288
526.279259259259   0.0004733050073287671
527.03   0.0004692835927205479
527.780740740741   0.0004650850653561644
528.531481481481   0.00046087105995068495
529.282222222222   0.00045665705456986297
530.032962962963   0.0004523776191780822
530.783703703704   0.0004479796697561644
531.534444444444   0.00044358172034520544
532.285185185185   0.00043918377093972596
533.035925925926   0.00043464963193698625
533.786666666667   0.00043007967800821916
534.537407407407   0.0004255097240767123
535.288148148148   0.00042090404561369863
536.038888888889   0.0004161773036712329
536.78962962963   0.00041145056174794525
537.54037037037   0.0004067238197863014
538.291111111111   0.0004019052204493151
539.041851851852   0.0003970401236082192
539.792592592593   0.0003921750268027398
540.543333333333   0.0003872982479479452
541.294074074074   0.00038231633
542.044814814815   0.0003773344121095891
542.795555555556   0.0003723524941917808
543.546296296296   0.00036732101246849313
544.297037037037   0.00036224663727945207
545.047777777778   0.0003571722620876712
545.798518518518   0.0003520978868575342
546.549259259259   0.00034695961444931514
547.3   0.00034181951124109594
548.050740740741   0.0003366794080027397
548.801481481481   0.0003315241324876712
549.552222222222   0.0003263468622547945
550.302962962963   0.0003211695920410959
551.053703703704   0.0003159923217945205
551.804444444444   0.0003108088891863014
552.555185185185   0.0003056243200876712
553.305925925926   0.0003004397509890411
554.056666666667   0.0002952617099205479
554.807407407407   0.0002901004247808219
555.558148148148   0.0002849391396438356
556.308888888889   0.0002797778545452055
557.05962962963   0.00027465519258904113
557.81037037037   0.0002695478174657534
558.561111111111   0.00026444044230136986
559.311851851852   0.0002593458613726027
560.062592592593   0.0002543223758164384
560.813333333333   0.00024929889021369867
561.564074074074   0.0002442754046630137
562.314814814815   0.00023931818067671234
563.065555555556   0.00023440727270410963
563.816296296296   0.00022949636475616439
564.567037037037   0.00022458889418904107
565.317777777778   0.0002198173834328767
566.068518518518   0.00021504587271232875
566.819259259259   0.0002102743619780822
567.57   0.00020557833435890413
568.320740740741   0.00020097065646301372
569.071481481481   0.00019636297859726027
569.822222222222   0.00019175530070410956
570.572962962963   0.0001873138848410959
571.323703703704   0.00018289160048219177
572.074444444444   0.00017846931612054793
572.825185185185   0.00017411483584109591
573.575925925926   0.00016989624115616437
574.326666666667   0.00016567764653150683
575.077407407407   0.00016145905194246576
575.828148148148   0.00015740849547123288
576.578888888889   0.00015340842958630138
577.32962962963   0.00014940836368767125
578.08037037037   0.000145455409169863
578.831111111111   0.00014168512612876714
579.581851851852   0.00013791484306027396
580.332592592593   0.00013414456000821918
581.083333333333   0.00013052650781917807
581.834074074074   0.00012699367771780822
582.584814814815   0.00012346084761369864
583.335555555556   0.00011994666140273973
584.086296296296   0.00011665541858630138
584.837037037037   0.00011336417579726027
585.587777777778   0.00011007293295616439
586.338518518519   0.00010690607795068492
587.089259259259   0.0001038571903808219
587.84   0.00010080830278630136
588.590740740741   9.77594152328767e-05
589.341481481481   9.49384178630137e-05
590.092222222222   9.212958680273974e-05
590.842962962963   8.932075566027397e-05
591.593703703704   8.660248049863012e-05
592.344444444444   8.402862000547945e-05
593.095185185185   8.145475951232876e-05
593.845925925926   7.88808990219178e-05
594.596666666667   7.649389281369862e-05
595.347407407407   7.414749675342466e-05
596.098148148148   7.180110078630137e-05
596.848888888889   6.951082990410959e-05
597.59962962963   6.73823624739726e-05
598.35037037037   6.525389506849315e-05
599.101111111111   6.312542765753424e-05
599.851851851852   6.114038095616439e-05
600.602592592593   5.9218687071232876e-05
601.353333333333   5.729699323287671e-05
602.104074074074   5.540051049041097e-05
602.854814814815   5.367321818082192e-05
603.605555555555   5.194592594246575e-05
604.356296296296   5.021863367945205e-05
605.107037037037   4.8593851104109594e-05
605.857777777778   4.7047748553424654e-05
606.608518518519   4.5501645945205483e-05
607.359259259259   4.3955850246575343e-05
608.11   4.257724480547945e-05
608.860740740741   4.119863934520548e-05
609.611481481481   3.982003389589041e-05
610.362222222222   3.85087147260274e-05
611.112962962963   3.728376393972603e-05
611.863703703704   3.6058813150684935e-05
612.614444444444   3.483386239178082e-05
613.365185185185   3.373119594246576e-05
614.115925925926   3.2646161934246576e-05
614.866666666667   3.156112801917808e-05
615.617407407407   3.0515321906849316e-05
616.368148148148   2.955680811232877e-05
617.118888888889   2.8598294304109586e-05
617.86962962963   2.763978049589041e-05
618.62037037037   2.6766088821917805e-05
619.371111111111   2.592125844931507e-05
620.121851851852   2.507642806849315e-05
620.872592592593   2.4250095821917807e-05
621.623333333333   2.3506792526027397e-05
622.374074074074   2.276348921369863e-05
623.124814814815   2.2020185904109594e-05
623.875555555555   2.1332629975342463e-05
624.626296296296   2.0679493032876715e-05
625.377037037037   2.0026356076712326e-05
626.127777777778   1.937754955068493e-05
626.878518518518   1.8804095687671235e-05
627.629259259259   1.8230641772602743e-05
628.38   1.765718790410959e-05
629.130740740741   1.711810794246575e-05
629.881481481482   1.6614745030136987e-05
630.632222222222   1.6111382101369864e-05
631.382962962963   1.5608019216438357e-05
632.133703703704   1.516153893150685e-05
632.884444444444   1.4719571723287672e-05
633.635185185185   1.4277604517808218e-05
634.385925925926   1.3855070271232876e-05
635.136666666667   1.3466701479452055e-05
635.887407407407   1.307833273150685e-05
636.638148148148   1.2689963972602738e-05
637.388888888889   1.2338858315068492e-05
638.13962962963   1.1997147898630136e-05
638.89037037037   1.1655437476712328e-05
639.641111111111   1.1323236375342466e-05
640.391851851852   1.1022040975342465e-05
641.142592592593   1.072084558630137e-05
641.893333333333   1.0419650128767122e-05
642.644074074074   1.0142010967123287e-05
643.394814814815   9.87593286027397e-06
644.145555555556   9.609854838356165e-06
644.896296296296   9.347025304109589e-06
645.647037037037   9.111347583561645e-06
646.397777777778   8.875669852054794e-06
647.148518518518   8.639992156164383e-06
647.899259259259   8.41859584109589e-06
648.65   8.209222284931507e-06
649.400740740741   7.999848756164383e-06
650.151481481481   7.790475235616439e-06
650.902222222222   7.603407534246575e-06
651.652962962963   7.416818161643836e-06
652.403703703704   7.230228767123288e-06
653.154444444444   7.0518385698630135e-06
653.905185185185   6.885002528767122e-06
654.655925925926   6.718166465753426e-06
655.406666666667   6.5513304191780825e-06
656.157407407407   6.3990874136986305e-06
656.908148148148   6.249396410958903e-06
657.658888888889   6.099705364383562e-06
658.40962962963   5.9542980767123286e-06
659.16037037037   5.819521041095891e-06
659.911111111111   5.684744021917808e-06
660.661851851852   5.549966967123287e-06
661.412592592593   5.4246147780821916e-06
662.163333333333   5.302868027397262e-06
662.914074074074   5.181121312328767e-06
663.664814814815   5.0611927726027406e-06
664.415555555556   4.950854460273973e-06
665.166296296296   4.840516167123288e-06
665.917037037037   4.730177876712328e-06
666.667777777778   4.625788857534247e-06
667.418518518518   4.5254418356164385e-06
668.169259259259   4.425094843835617e-06
668.92   4.325025194520548e-06
669.670740740741   4.23347818630137e-06
670.421481481481   4.141931224657535e-06
671.172222222222   4.05038425479452e-06
671.922962962963   3.962473556164384e-06
672.673703703704   3.878703279452055e-06
673.424444444444   3.7949329342465752e-06
674.175185185185   3.711162635616438e-06
674.925925925926   3.633644534246575e-06
675.676666666667   3.556792967123288e-06
676.427407407407   3.479941389041096e-06
677.178148148148   3.4051900876712323e-06
677.928888888889   3.3345205068493153e-06
678.67962962963   3.2638509178082193e-06
679.43037037037   3.1931813287671237e-06
680.181111111111   3.126782569863013e-06
680.931851851852   3.061617873972603e-06
681.682592592593   2.996453180821918e-06
682.433333333333   2.9323327671232876e-06
683.184074074074   2.872096594520548e-06
683.934814814815   2.8118603890410963e-06
684.685555555556   2.751624145205479e-06
685.436296296296   2.694278871232877e-06
686.187037037037   2.6385041808219177e-06
686.937777777778   2.5827295424657534e-06
687.688518518518   2.5272949424657538e-06
688.439259259259   2.4755669780821918e-06
689.19   2.423838994520548e-06
689.940740740741   2.3721110876712327e-06
690.691481481481   2.3222904109589043e-06
691.442222222222   2.274229709589041e-06
692.192962962963   2.2261689780821917e-06
692.943703703704   2.1781082575342467e-06
693.694444444444   2.133239928767123e-06
694.445185185185   2.0885179479452057e-06
695.195925925926   2.0437959452054794e-06
695.946666666667   2.0002683561643834e-06
696.697407407407   1.95859141369863e-06
697.448148148148   1.916914460273973e-06
698.198888888889   1.875237484931507e-06
698.94962962963   1.835887824657534e-06
699.70037037037   1.7970205479452053e-06
700.451111111111   1.7581532602739726e-06
701.201851851852   1.7199736547945205e-06
701.952592592593   1.6837074246575342e-06
702.703333333333   1.647441191780822e-06
703.454074074074   1.6111749780821916e-06
704.204814814815   1.5765840986301368e-06
704.955555555556   1.5427096931506848e-06
705.706296296296   1.5088352684931505e-06
706.457037037037   1.4752625726027398e-06
707.207777777778   1.4435980246575344e-06
707.958518518519   1.411933487671233e-06
708.709259259259   1.3802689616438358e-06
709.46   1.3497803616438355e-06
710.210740740741   1.3201694520547946e-06
710.961481481481   1.2905585589041096e-06
711.712222222222   1.260964301369863e-06
712.462962962963   1.233265405479452e-06
713.213703703704   1.2055665753424657e-06
713.964444444444   1.1778677232876711e-06
714.715185185185   1.1509650986301371e-06
715.465925925926   1.1250565041095891e-06
716.216666666667   1.099147915068493e-06
716.967407407407   1.0732393205479453e-06
717.718148148148   1.0488081369863014e-06
718.468888888889   1.0245768520547946e-06
719.21962962963   1.0003455726027399e-06
719.97037037037   9.766203232876713e-07
720.721111111111   9.539858301369863e-07
721.471851851852   9.313513424657534e-07
722.222592592593   9.087168657534246e-07
722.973333333333   8.872161342465753e-07
723.724074074074   8.660873205479453e-07
724.474814814815   8.44958498630137e-07
725.225555555556   8.240940657534247e-07
725.976296296296   8.043633671232876e-07
726.727037037037   7.846326575342465e-07
727.477777777778   7.649019260273973e-07
728.228518518519   7.46005e-07
728.979259259259   7.276080767123287e-07
729.73   7.092111561643835e-07
730.480740740741   6.908923534246575e-07
731.231481481481   6.737720602739726e-07
731.982222222222   6.566517863013699e-07
732.732962962963   6.39531495890411e-07
733.483703703704   6.230091863013699e-07
734.234444444444   6.070913726027398e-07
734.985185185185   5.911735972602739e-07
735.735925925926   5.752558301369863e-07
736.486666666667   5.603806219178082e-07
737.237407407407   5.455799369863013e-07
737.988148148148   5.307792383561644e-07
738.738888888889   5.163624684931507e-07
739.48962962963   5.026010931506849e-07
740.24037037037   4.888397424657535e-07
740.991111111111   4.750783671232877e-07
741.741851851852   4.6210701369863015e-07
742.492592592593   4.4932631780821914e-07
743.243333333333   4.365456630136986e-07
743.994074074074   4.239917232876713e-07
744.744814814815   4.1214952876712325e-07
745.495555555555   4.0030738082191777e-07
746.246296296296   3.8846522739726023e-07
746.997037037037   3.7722203561643835e-07
747.747777777778   3.662637890410959e-07
748.498518518518   3.553055369863014e-07
749.249259259259   3.4444079999999997e-07
750.0   3.3430504657534243e-07
