0.01   6.910589324864438
0.760740740741   6.91058932463878
1.511481481481   6.910589324294001
2.262222222222   6.910589325107427
3.012962962963   6.910589325149686
3.763703703704   6.910589325339248
4.514444444444   6.910589325463126
5.265185185185   6.910589329165366
6.015925925926   6.9105893293458935
6.766666666667   6.910589330004529
7.517407407407   6.910589324853523
8.268148148148   6.910589324723333
9.018888888889   6.910589324780357
9.76962962963   6.910589328594411
10.52037037037   6.910589325365601
11.271111111111   6.91058932048103
12.021851851852   6.9105893201335
12.772592592593   6.9105893103974285
13.523333333333   6.91058931565018
14.274074074074   6.910589335723625
15.024814814815   6.910589362442436
15.775555555556   6.910589385599452
16.526296296296   6.9105895550580625
17.277037037037   6.910589814613901
18.027777777778   6.910590073950165
18.778518518519   6.9105903790622545
19.529259259259   6.910591337965743
20.28   6.910592296981674
21.030740740741   6.91059325605448
21.781481481481   6.910594929495531
22.532222222222   6.91059731146622
23.282962962963   6.910599694448401
24.033703703704   6.910602077222608
24.784444444444   6.9106067158151125
25.535185185185   6.910611504246694
26.285925925926   6.910616292161887
27.036666666667   6.910622434973956
27.787407407407   6.910630845824612
28.538148148148   6.910639257056864
29.288888888889   6.910647668756699
30.03962962963   6.910660146926854
30.79037037037   6.910673578786009
31.541111111111   6.910687011599012
32.291851851852   6.9107020464350475
33.042592592593   6.910721994411276
33.793333333333   6.910741942770568
34.544074074074   6.910761890721191
35.294814814815   6.910787292172806
36.045555555556   6.910815235068547
36.796296296296   6.910843176741087
37.547037037037   6.91087222233856
38.297777777778   6.910909485865171
39.048518518519   6.910946749831459
39.799259259259   6.910984013587845
40.55   6.911027008696476
41.300740740741   6.911074613361856
42.051481481481   6.911122218363511
42.802222222222   6.911169823570321
43.552962962963   6.911228232681632
44.303703703704   6.9112867461617995
45.054444444444   6.911345261317047
45.805185185185   6.911408414592104
46.555925925926   6.9114778065441955
47.306666666667   6.911547198672091
48.057407407407   6.91161659089015
48.808148148148   6.91169468836597
49.558888888889   6.911774174555267
50.30962962963   6.911853660190196
51.06037037037   6.911935653980467
51.811111111111   6.9120235378665615
52.561851851852   6.912111420355756
53.312592592593   6.912199307004145
54.063333333333   6.912291297397474
54.814074074074   6.912384769281305
55.564814814815   6.912478240418878
56.315555555556   6.9125719468879865
57.066296296296   6.912666787060182
57.817037037037   6.912761626510373
58.567777777778   6.912856466881722
59.318518518519   6.91294847420622
60.069259259259   6.91303864534289
60.82   6.9131288170126215
61.570740740741   6.913218429504224
62.321481481481   6.913295521303351
63.072222222222   6.913372612350626
63.822962962963   6.913449704018325
64.573703703704   6.913515000326273
65.324444444444   6.913567465159519
66.075185185185   6.9136199285623645
66.825925925926   6.913672394842864
67.576666666667   6.913688168293588
68.327407407407   6.913700534492012
69.078148148148   6.913712901623752
69.828888888889   6.913704216616852
70.57962962963   6.913656625787331
71.33037037037   6.9136090354622795
72.081111111111   6.913561447202381
72.831851851852   6.913450817498733
73.582592592593   6.913323146246928
74.333333333333   6.913195478513464
75.084074074074   6.913046067053358
75.834814814815   6.912820992823051
76.585555555556   6.9125959257945135
77.336296296296   6.912370865760373
78.087037037037   6.912070831736045
78.837777777778   6.91173206422633
79.588518518519   6.911393308083336
80.339259259259   6.911042313867672
81.09   6.910575165334117
81.840740740741   6.910108026772474
82.591481481481   6.909640926683901
83.342222222222   6.909099994974418
84.092962962963   6.908493993764907
84.843703703704   6.907888023071166
85.594444444444   6.907282082669083
86.345185185185   6.906538211909218
87.095925925926   6.905789757715514
87.846666666667   6.90504134993878
88.597407407407   6.904237824647329
89.348148148148   6.903352846838802
90.098888888889   6.902467936894835
90.84962962963   6.901583094243969
91.60037037037   6.900598560456867
92.351111111111   6.899595069979483
93.101851851852   6.898591672476689
93.852592592593   6.897564284208453
94.603333333333   6.896473729783967
95.354074074074   6.895383350580052
96.104814814815   6.894293064034993
96.855555555556   6.893173283249704
97.606296296296   6.892041657822356
98.357037037037   6.8909101798164025
99.107777777778   6.889781475084415
99.858518518519   6.8886680540898135
100.609259259259   6.887554803086815
101.36   6.886441723005338
102.110740740741   6.885380720076747
102.861481481481   6.884356879613119
103.612222222222   6.883333221848376
104.362962962963   6.882313137373379
105.113703703704   6.881458744396406
105.864444444444   6.88060453920459
106.615185185185   6.879750523592458
107.365925925926   6.879012653114755
108.116666666667   6.87841323161982
108.867407407407   6.877813989428553
109.618148148148   6.87721492348981
110.368888888889   6.876920440190039
111.11962962963   6.876662894298738
111.87037037037   6.876405504782061
112.621111111111   6.876288252274687
113.371851851852   6.876457574841402
114.122592592593   6.876627022944449
114.873333333333   6.876796594787072
115.624074074074   6.87735398375695
116.374814814815   6.878030994484362
117.125555555556   6.878708091881033
117.876296296296   6.879501826820526
118.627037037037   6.880760629639857
119.377777777778   6.882019464589559
120.128518518519   6.883278374604606
120.879259259259   6.884949613367552
121.63   6.886856345556703
122.380740740741   6.888763093506807
123.131481481481   6.8907209476297195
123.882222222222   6.8933318731803
124.632962962963   6.895942798799026
125.383703703704   6.898553723222526
126.134444444444   6.901545041770066
126.885185185185   6.904903847748195
127.635925925926   6.908262664926361
128.386666666667   6.911621494631168
129.137407407407   6.915712254792809
129.888148148148   6.919845909224986
130.638888888889   6.923979619624712
131.38962962963   6.92841015092543
132.14037037037   6.933323390076324
132.891111111111   6.938236768467301
133.641851851852   6.943150288055383
134.392592592593   6.948680720336848
135.143333333333   6.954349685227596
135.894074074074   6.960018905038603
136.644814814815   6.965863975655537
137.395555555556   6.972228051982468
138.146296296296   6.978592529421737
138.897037037037   6.98495740271925
139.647777777778   6.991729747260871
140.398518518519   6.998686365855518
141.149259259259   7.005643543005179
141.9   7.012656657624737
142.650740740741   7.020057840620566
143.401481481481   7.027459746955006
144.152222222222   7.0348623741678065
144.902962962963   7.042408640461968
145.653703703704   7.050067536660636
146.404444444444   7.05772732667966
147.155185185185   7.065388007840725
147.905925925926   7.073084730534741
148.656666666667   7.080782656904358
149.407407407407   7.08848166802453
150.158148148148   7.096094291073437
150.908888888889   7.10359378976579
151.65962962963   7.111094645278836
152.41037037037   7.118596853399457
153.161111111111   7.125722272167451
153.911851851852   7.132792607904427
154.662592592593   7.139864701328622
155.413333333333   7.146743846704823
156.164074074074   7.153182432008746
156.914814814815   7.159623429945044
157.665555555556   7.166066830681499
158.416296296296   7.171930082901075
159.167037037037   7.177593590869417
159.917777777778   7.183260553704281
160.668518518519   7.188777029772309
161.419259259259   7.193585035730128
162.17   7.198398145299082
162.920740740741   7.203216349696546
163.671481481481   7.207503319526436
164.422222222222   7.211459715918509
165.172962962963   7.215423654793128
165.923703703704   7.219354745904466
166.674444444444   7.222523639722535
167.425185185185   7.225703469375838
168.175925925926   7.228894218959799
168.926666666667   7.231760147490124
169.677407407407   7.23428484919964
170.428148148148   7.236824762399412
171.178888888889   7.239379873599809
171.92962962963   7.241452329613158
172.68037037037   7.2435024845878635
173.431111111111   7.24557270031571
174.181851851852   7.247521738223579
174.932592592593   7.249240760031303
175.683333333333   7.2509845960520884
176.434074074074   7.252753227510189
177.184814814815   7.2543255840635155
177.935555555556   7.255868726562262
178.686296296296   7.257440326871829
179.437037037037   7.258988029967883
180.187777777778   7.260389979693683
180.938518518518   7.261821932386161
181.689259259259   7.263283858210149
182.44   7.264599928139325
183.190740740741   7.265856632411569
183.941481481481   7.267141821565919
184.692222222222   7.2684156449361215
185.442962962963   7.269365559292843
186.193703703704   7.270339160739858
186.944444444444   7.2713364394712405
187.695185185185   7.272031812474745
188.445925925926   7.272465902978466
189.196666666667   7.2729161877278425
189.947407407407   7.27338269919027
190.698148148148   7.272989476596229
191.448888888889   7.272581112911292
192.19962962963   7.272180517965662
192.95037037037   7.271276762036175
193.701111111111   7.269642372436997
194.451851851852   7.268009270568088
195.202592592593   7.2663774567907025
195.953333333333   7.263365213571272
196.704074074074   7.2601034051937186
197.454814814815   7.256842482039779
198.205555555556   7.253003118873334
198.956296296296   7.247701003790849
199.707037037037   7.242410842275452
200.457777777778   7.237132443040389
201.208518518519   7.230080215406865
201.959259259259   7.222365335390931
202.71   7.214690886622874
203.460740740741   7.206600001498958
204.211481481481   7.196084379049437
204.962222222222   7.185662664624034
205.712962962963   7.1753352712392005
206.463703703704   7.163089997345205
207.214444444444   7.149613982034349
207.965185185185   7.1363194054626415
208.715925925926   7.123101960053767
209.466666666667   7.1063240892947315
210.217407407407   7.089857495924987
210.968148148148   7.0737043641286865
211.718888888889   7.055850645275312
212.46962962963   7.036105575293057
213.22037037037   7.0168591415635
213.971111111111   6.998115457145917
214.721851851852   6.975629560456827
215.472592592593   6.953404679249775
216.223333333333   6.931937086114154
216.974074074074   6.909514796204259
217.724814814815   6.884660529221136
218.475555555556   6.860898590801774
219.226296296296   6.838240370427818
219.977037037037   6.812664597170931
220.727777777778   6.787368633800845
221.478518518519   6.763610615035541
222.229259259259   6.740309432362665
222.98   6.714674268925153
223.730740740741   6.69111584098766
224.481481481481   6.66965615559043
225.232222222222   6.647207934713669
225.982962962963   6.625655097946491
226.733703703704   6.606850050658781
227.484444444444   6.590469670442087
228.235185185185   6.5732233591574944
228.985925925926   6.559461641662658
229.736666666667   6.549206485570181
230.487407407407   6.540776694789787
231.238148148148   6.53484179959843
231.988888888889   6.533185705186862
232.73962962963   6.535811664064519
233.49037037037   6.540813620800725
234.241111111111   6.550713540530658
234.991851851852   6.565603628145993
235.742592592593   6.585031596920549
236.493333333333   6.609195421969341
237.244074074074   6.638909853259077
237.994814814815   6.674100751539854
238.745555555556   6.714568949001789
239.496296296296   6.760830096002611
240.247037037037   6.812840120536017
240.997777777778   6.870442040941161
241.748518518518   6.933697299259905
242.499259259259   7.002671565739179
243.25   7.077197629106025
244.000740740741   7.156633898412863
244.751481481481   7.241222888336748
245.502222222222   7.331011439419197
246.252962962963   7.425527804154596
247.003703703704   7.522992908651936
247.754444444444   7.625076153832422
248.505185185185   7.7315946387288585
249.255925925926   7.83979641403499
250.006666666667   7.949972377000898
250.757407407407   8.063876037187867
251.508148148148   8.181320446745453
252.258888888889   8.294395616090348
253.00962962963   8.410439123398369
253.76037037037   8.529329812217366
254.511111111111   8.645901846167343
255.261851851852   8.75839185844487
256.012592592593   8.873024005236442
256.763333333333   8.989716340114766
257.514074074074   9.094705745921008
258.264814814815   9.199290272071769
259.015555555556   9.305326400486889
259.766296296296   9.406674169251454
260.517037037037   9.495709023837893
261.267777777778   9.585678291937525
262.018518518518   9.67655590863244
262.769259259259   9.750898561927722
263.52   9.819951856708688
264.270740740741   9.889518254129822
265.021481481481   9.954709016743982
265.772222222222   9.998667757939662
266.522962962963   10.042851253696135
267.273703703704   10.087256549642692
268.024444444444   10.113926513765051
268.775185185185   10.129699684616533
269.525925925926   10.145524320750873
270.276666666667   10.159683359172204
271.027407407407   10.145247326861
271.778148148148   10.130811822804695
272.528888888889   10.116376847971848
273.27962962963   10.086786994835206
274.03037037037   10.04164922118167
274.781111111111   9.99659077388957
275.531851851852   9.95161272998665
276.282592592593   9.878787109923897
277.033333333333   9.804115600828643
277.784074074074   9.729755945404694
278.534814814815   9.645349710572937
279.285555555556   9.543479366660875
280.036296296296   9.442332114634386
280.787037037037   9.341931449036332
281.537777777778   9.221854724780542
282.288518518519   9.097990908275987
283.039259259259   8.975532737298815
283.79   8.849312227446681
284.540740740741   8.708231112863924
285.291481481481   8.569491322778239
286.042222222222   8.433208415695232
286.792962962963   8.287580997833777
287.543703703704   8.139620088525508
288.294444444444   7.995457802171122
289.045185185185   7.8538357094304665
289.795925925926   7.705019495210937
290.546666666667   7.561729371462546
291.297407407407   7.424285309998937
292.048148148148   7.288403867740457
292.798888888889   7.156049061906888
293.54962962963   7.031740679860063
294.30037037037   6.9159126308172185
295.051111111111   6.80525946263204
295.801851851852   6.70493055345825
296.552592592593   6.615480347182072
297.303333333333   6.537051899806634
298.054074074074   6.4704981347444885
298.804814814815   6.416858112687845
299.555555555556   6.376457740083909
300.306296296296   6.350616680285997
301.057037037037   6.338969866244541
301.807777777778   6.341439019403388
302.558518518518   6.3584283578352006
303.309259259259   6.390368839161712
304.06   6.435983991214572
304.810740740741   6.494985701550967
305.561481481481   6.567131993056622
306.312222222222   6.651489864420136
307.062962962963   6.747489784118577
307.813703703704   6.854343214660646
308.564444444444   6.969858819167089
309.315185185185   7.09478826945996
310.065925925926   7.2286434974077345
310.816666666667   7.368223464178689
311.567407407407   7.513332610533171
312.318148148148   7.665229392747667
313.068888888889   7.8232926836922445
313.81962962963   7.980534783335922
314.57037037037   8.142744704008967
315.321111111111   8.30963153031946
316.071851851852   8.476834256566429
316.822592592593   8.643125952119394
317.573333333333   8.81274836092913
318.324074074074   8.985512862878368
319.074814814815   9.152160861250835
319.825555555556   9.320208353770012
320.576296296296   9.490451717079369
321.327037037037   9.659169148270548
322.077777777778   9.8226632951961
322.828518518518   9.987662917526029
323.579259259259   10.154094625200095
324.33   10.313582304118425
325.080740740741   10.471749841270208
325.831481481481   10.630889125565565
326.582222222222   10.788768897339567
327.332962962963   10.939382580490134
328.083703703704   11.090650653185726
328.834444444444   11.242546701849639
329.585185185185   11.388824214000843
330.335925925926   11.532221587835483
331.086666666667   11.676044920070598
331.837407407407   11.819534287366462
332.588148148148   11.955487513623009
333.338888888889   12.091735355643422
334.08962962963   12.228267948423452
334.84037037037   12.361080537535896
335.591111111111   12.490464378825122
336.341851851852   12.620052933472182
337.092592592593   12.74983996412278
337.843333333333   12.873463719635163
338.594074074074   12.996966458748227
339.344814814815   13.120618829509487
340.095555555556   13.242164523100318
340.846296296296   13.36038078413572
341.597037037037   13.478714836072351
342.347777777778   13.59716359084642
343.098518518519   13.711544807979152
343.849259259259   13.825170143353835
344.6   13.93888862756725
345.350740740741   14.051456592391379
346.101481481481   14.160692330309956
346.852222222222   14.270004303903868
347.602962962963   14.379390775802621
348.353703703704   14.485567381355787
349.104444444444   14.590418365688326
349.855185185185   14.69532968105856
350.605925925926   14.799593926625464
351.356666666667   14.899529398615268
352.107407407407   14.999512627234884
352.858148148148   15.09954266228366
353.608888888889   15.196251245637942
354.35962962963   15.29050827473911
355.11037037037   15.384801611629888
355.861111111111   15.47905552983534
356.611851851852   15.566554621007029
357.362592592593   15.654081621296541
358.113333333333   15.74163606725494
358.864074074074   15.825662000461323
359.614814814815   15.905312586239317
360.365555555556   15.984984559569297
361.116296296296   16.06467760368198
361.867037037037   16.13648680684454
362.617777777778   16.207267077986238
363.368518518518   16.27806451738725
364.119259259259   16.345762275585994
364.87   16.406827317674622
365.620740740741   16.46790743182816
366.371481481481   16.52900245060412
367.122222222222   16.582211541504538
367.872962962963   16.632874411859365
368.623703703704   16.68355145968862
369.374444444444   16.73212440273761
370.125185185185   16.7717576549963
370.875925925926   16.811405227396
371.626666666667   16.851066995218172
372.377407407407   16.883445953542903
373.128148148148   16.911505815181364
373.878888888889   16.93958061028716
374.62962962963   16.966895014029983
375.38037037037   16.982782258029186
376.131111111111   16.998685256079302
376.881851851852   17.014603963738075
377.632592592593   17.024132115297807
378.383333333333   17.02725793039486
379.134074074074   17.03039990818265
379.884814814815   17.033558042857276
380.635555555556   17.024259565435024
381.386296296296   17.014118394388355
382.137037037037   17.00399309028993
382.887777777778   16.988852662160923
383.638518518518   16.96522212927798
384.389259259259   16.941606244659745
385.14   16.918005126325586
385.890740740741   16.88372222671259
386.641481481481   16.846906308405096
387.392222222222   16.810103160791098
388.142962962963   16.77030418531993
388.893703703704   16.72118536728443
389.644444444444   16.67207688421091
390.395185185185   16.62297882910762
391.145925925926   16.56652334880266
391.896666666667   16.50660720741706
392.647407407407   16.446699022433076
393.398148148148   16.38576681808794
394.148888888889   16.316973784754705
394.89962962963   16.24818660613536
395.65037037037   16.179405356597805
396.401111111111   16.10687732305264
397.151851851852   16.031308721044237
397.902592592593   15.955744472638608
398.653333333333   15.880184635499637
399.404074074074   15.79993943369787
400.154814814815   15.719641094961315
400.905555555556   15.639346082698898
401.656296296296   15.55782555516923
402.407037037037   15.474639693194785
403.157777777778   15.391456465705529
403.908518518519   15.308275916209668
404.659259259259   15.223966547217172
405.41   15.139475594189795
406.160740740741   15.054986861220275
406.911481481481   14.970494477906781
407.662222222222   14.885990032581745
408.412962962963   14.801487405726261
409.163703703704   14.716986644065148
409.914444444444   14.63325260018472
410.665185185185   14.549799417419791
411.415925925926   14.466347631159707
412.166666666667   14.383221320883221
412.917407407407   14.301695558167525
413.668148148148   14.22017059204145
414.418888888889   14.138646435913543
415.16962962963   14.058688684145826
415.92037037037   13.97975536301171
416.671111111111   13.900822290177967
417.421851851852   13.822011675816373
418.172592592593   13.746087041588462
418.923333333333   13.670162408082598
419.674074074074   13.594237774928429
420.424814814815   13.519796541295273
421.175555555556   13.446984014422524
421.926296296296   13.374171890923352
422.677037037037   13.30136017706296
423.427777777778   13.231196122219773
424.178518518519   13.161286672089599
424.929259259259   13.09137892990858
425.68   13.022319653711616
426.430740740741   12.954844025213507
427.181481481481   12.887372261701426
427.932222222222   12.819904425326971
428.682962962963   12.75385159437008
429.433703703704   12.688191704397727
430.184444444444   12.622538484281092
430.935185185185   12.557147369880466
431.685925925926   12.49266465664865
432.436666666667   12.428191369511485
433.187407407407   12.36372765589168
433.938148148148   12.29969566332822
434.688888888889   12.235895202910523
435.43962962963   12.172106495488089
436.19037037037   12.108364726326199
436.941111111111   12.044976096337106
437.691851851852   11.981600227038875
438.442592592593   11.918237321352366
439.193333333333   11.855110005046093
439.944074074074   11.792193067832361
440.694814814815   11.729288576793795
441.445555555556   11.66639673400256
442.196296296296   11.604277224058842
442.947037037037   11.542195470378925
443.697777777778   11.480124282926448
444.448518518518   11.41865519597129
445.199259259259   11.358076485128251
445.95   11.29750514367422
446.700740740741   11.236941290668772
447.451481481481   11.178411069105268
448.202222222222   11.120278326185367
448.952962962963   11.062149508532
449.703703703704   11.004988854349932
450.454444444444   10.950391408690624
451.205185185185   10.895795039365947
451.955925925926   10.841199762580567
452.706666666667   10.790001046624512
453.457407407407   10.740192205431402
454.208148148148   10.690383368143523
454.958888888889   10.641471566377835
455.70962962963   10.597822368210409
456.46037037037   10.554174824656174
457.211111111111   10.510528943109726
457.961851851852   10.47128338471213
458.712592592593   10.435206130780097
459.463333333333   10.399135551642873
460.214074074074   10.363231562305199
460.964814814815   10.336159121134239
461.715555555556   10.309101812776325
462.466296296296   10.282059756772943
463.217037037037   10.259751380252933
463.967777777778   10.243143939224375
464.718518518518   10.226563246114821
465.469259259259   10.210009429590718
466.22   10.203974868003636
466.970740740741   10.199277335531914
467.721481481481   10.194620085048522
468.472222222222   10.194293107791449
469.222962962963   10.20288425625149
469.973703703704   10.211529495911549
470.724444444444   10.220228689460837
471.475185185185   10.240053181035561
472.225925925926   10.263398847602824
472.976666666667   10.286810525031907
473.727407407407   10.313435959203524
474.478148148148   10.352871106967054
475.228888888889   10.392380864733708
475.97962962963   10.431964382118295
476.73037037037   10.482564704285425
477.481111111111   10.539553202034321
478.231851851852   10.596618507411842
478.982592592593   10.655068920729144
479.733333333333   10.730909035014166
480.484074074074   10.806822846693434
481.234814814815   10.882808812779379
481.985555555556   10.968980571147208
482.736296296296   11.065077901245887
483.487037037037   11.16123797255921
484.237777777778   11.257459176563128
484.988518518519   11.373792593988142
485.739259259259   11.491399114044807
486.49   11.609052700573644
487.240740740741   11.735263131881787
487.991481481481   11.875482855088604
488.742222222222   12.015733364180342
489.492962962963   12.156013592095926
490.243703703704   12.315483123001455
490.994444444444   12.479329934618066
491.745185185185   12.643191554924217
492.495925925926   12.813164604660582
493.246666666667   13.001370955244155
493.997407407407   13.189581344845156
494.748148148148   13.377795603776438
495.498888888889   13.58302947352666
496.24962962963   13.796025349276027
497.00037037037   14.009021225280478
497.751111111111   14.225061367395577
498.501851851852   14.46284474764417
499.252592592593   14.700632093667489
500.003333333333   14.93842321591808
500.754074074074   15.18977036031595
501.504814814815   15.451826403171074
502.255555555556   15.713897339370089
503.006296296296   15.975982437097574
503.757037037037   16.261034289359323
504.507777777778   16.546233931166075
505.258518518518   16.83146381463431
506.009259259259   17.125846016545974
506.76   17.43231566648464
507.510740740741   17.738834750844664
508.261481481481   18.045400750607676
509.012222222222   18.368061314442688
509.762962962963   18.693248439400193
510.513703703704   19.018500857238575
511.264444444444   19.348376608183216
512.015185185185   19.688811411461774
512.765925925926   20.02932739285988
513.516666666667   20.36992047923969
514.267407407407   20.718578378703775
515.018148148148   21.070144271615547
515.768888888889   21.42179811454767
516.51962962963   21.774560006479277
517.27037037037   22.132230064496703
518.021111111111   22.489993564385987
518.771851851852   22.847846117992965
519.522592592593   23.20595427623223
520.273333333333   23.56426177411037
521.024074074074   23.922658379550363
521.774814814815   24.2808673738024
522.525555555556   24.633689407180473
523.276296296296   24.98659570347262
524.027037037037   25.339582742345236
524.777777777778   25.686822385167705
525.528518518518   26.027916318141674
526.279259259259   26.369082804766933
527.03   26.71031906457802
527.780740740741   27.034664307584595
528.531481481481   27.357589595146184
529.282222222222   27.68057463478555
530.032962962963   27.994816827649377
530.783703703704   28.29317061068693
531.534444444444   28.591573045841937
532.285185185185   28.89002263896239
533.035925925926   29.164162913047278
533.786666666667   29.431936722851315
534.537407407407   29.69974717568107
535.288148148148   29.959319292495657
536.038888888889   30.190882822067234
536.78962962963   30.422473394351854
537.54037037037   30.654090408739318
538.291111111111   30.858358361657515
539.041851851852   31.048789378685537
539.792592592593   31.239238991234455
540.543333333333   31.425171782251642
541.294074074074   31.570303505371804
542.044814814815   31.715447649609537
542.795555555556   31.860604045329293
543.546296296296   31.979738643223065
544.297037037037   32.07635185701944
545.047777777778   32.1729728959375
545.798518518518   32.26960168906619
546.549259259259   32.31685090913252
547.3   32.36268990341759
548.050740740741   32.40853366682863
548.801481481481   32.433144576035254
549.552222222222   32.42697149679483
550.302962962963   32.420801272175225
551.053703703704   32.414633902487815
551.804444444444   32.364396106795404
552.555185185185   32.30603195601689
553.305925925926   32.2476695256206
554.056666666667   32.17491372538035
554.807407407407   32.06521035710533
555.558148148148   31.955508082009118
556.308888888889   31.845806912350888
557.05962962963   31.700635955583873
557.81037037037   31.541426738839167
558.561111111111   31.382218323074657
559.311851851852   31.215879828441555
560.062592592593   31.009916849096566
560.813333333333   30.80395456885368
561.564074074074   30.5979930069656
562.314814814815   30.36661493144246
563.065555555556   30.117471266334817
563.816296296296   29.86832836701619
564.567037037037   29.618226603072483
565.317777777778   29.330168738242453
566.068518518518   29.04211182646735
566.819259259259   28.754055895603216
567.57   28.450310018415845
568.320740740741   28.128199754762505
569.071481481481   27.80609079619318
569.822222222222   27.483983189233765
570.572962962963   27.13607961094494
571.323703703704   26.78520930589795
572.074444444444   26.43434082825828
572.825185185185   26.075751067201164
573.575925925926   25.701685537560337
574.326666666667   25.32762243798586
575.077407407407   24.95356187987664
575.828148148148   24.56604798012934
576.578888888889   24.174494003272677
577.32962962963   23.78294333985876
578.08037037037   23.388973940647208
578.831111111111   22.985616589088316
579.581851851852   22.582263246982535
580.332592592593   22.178914134852892
581.083333333333   21.77154929105068
581.834074074074   21.361938547024632
582.584814814815   20.952332764058
583.335555555556   20.542655310259818
584.086296296296   20.1320633506931
584.837037037037   19.72147694139314
585.587777777778   19.310896437344734
586.338518518519   18.902315709666144
587.089259259259   18.49563169584376
587.84   18.08895403063046
588.590740740741   17.68228314780585
589.341481481481   17.283483343537394
590.092222222222   16.885109921188654
590.842962962963   16.4867435010532
591.593703703704   16.0930649776647
592.344444444444   15.706857461129815
593.095185185185   15.320656893149204
593.845925925926   14.934463814039841
594.596666666667   14.56094512830924
595.347407407407   14.190186101679693
596.098148148148   13.819434242555536
596.848888888889   13.453345943534256
597.59962962963   13.100686795974452
598.35037037037   12.748034239281823
599.101111111111   12.395388837130138
599.851851851852   12.056704704665592
600.602592592593   11.72419043077893
601.353333333333   11.391682488486202
602.104074074074   11.061977384024757
602.854814814815   10.751041665362315
603.605555555555   10.44011134540851
604.356296296296   10.129186920310001
605.107037037037   9.830960798111102
605.857777777778   9.542481112168964
606.608518518519   9.254006270179714
607.359259259259   8.965578516878344
608.11   8.69991464347264
608.860740740741   8.434254601604849
609.611481481481   8.168598765112558
610.362222222222   7.9128981255773425
611.112962962963   7.669973501580003
611.863703703704   7.42705208513737
612.614444444444   7.184134201897186
613.365185185185   6.9606676443813065
614.115925925926   6.740007722395047
614.866666666667   6.519350389938507
615.617407407407   6.305350696482774
616.368148148148   6.106161772734154
617.118888888889   5.906974667267215
617.86962962963   5.707789571211328
618.62037037037   5.523840315839928
619.371111111111   5.345075765937116
620.121851851852   5.166312560963394
620.872592592593   4.991044802157891
621.623333333333   4.831460811334072
622.374074074074   4.671877678312751
623.124814814815   4.512295493330295
623.875555555555   4.3637265435800225
624.626296296296   4.221957268068016
625.377037037037   4.080188571923066
626.127777777778   3.939310222252151
626.878518518518   3.8139138596148148
627.629259259259   3.6885178424691603
628.38   3.5631222072818876
629.130740740741   3.445038825399887
629.881481481482   3.3345532373964413
630.632222222222   3.224067879576228
631.382962962963   3.11358277638414
632.133703703704   3.015571050621447
632.884444444444   2.918549088418248
633.635185185185   2.821527286685618
634.385925925926   2.728877182334281
635.136666666667   2.6439128702929686
635.887407407407   2.5589486730488638
636.638148148148   2.473984601731566
637.388888888889   2.397577836104794
638.13962962963   2.323328693422268
638.89037037037   2.2490796587582023
639.641111111111   2.177051236006464
640.391851851852   2.112262921380376
641.142592592593   2.0474747207062873
641.893333333333   1.982686645528876
642.644074074074   1.9234696419299253
643.394814814815   1.8669869352217172
644.145555555556   1.8105043827782532
644.896296296296   1.7547968633425222
645.647037037037   1.705565940526598
646.397777777778   1.656335219832667
647.148518518518   1.6071047197496264
647.899259259259   1.561294372384203
648.65   1.5183633478635363
649.400740740741   1.475432619038313
650.151481481481   1.4325022122437496
650.902222222222   1.3949103328940833
651.652962962963   1.357433314526198
652.403703703704   1.3199567151982825
653.154444444444   1.2844373232530812
653.905185185185   1.2516758314076744
654.655925925926   1.2189148588472845
655.406666666667   1.1861544485204367
656.157407407407   1.1568529370449423
656.908148148148   1.1281568111946187
657.658888888889   1.0994613364110588
658.40962962963   1.0717707638260596
659.16037037037   1.0465728930074272
659.911111111111   1.02137573779505
660.661851851852   0.9961793526030617
661.412592592593   0.973153671559908
662.163333333333   0.9509588782177484
662.914074074074   0.9287649187289283
663.664814814815   0.9069817542672967
664.415555555556   0.8873615341731768
665.166296296296   0.8677421935242144
665.917037037037   0.8481237933358142
666.667777777778   0.8298245921074952
667.418518518518   0.8124219125505981
668.169259259259   0.7950201771204227
668.92   0.7776792986029439
669.670740740741   0.7621783807560686
670.421481481481   0.746678370552388
671.172222222222   0.7311793261217039
671.922962962963   0.7164417776315823
672.673703703704   0.7025710057483012
673.424444444444   0.6887011109014101
674.175185185185   0.6748321471032948
674.925925925926   0.6622203817132915
675.676666666667   0.6497433354948476
676.427407407407   0.6372671258626713
677.178148148148   0.6251961002839873
677.928888888889   0.6139115808476431
678.67962962963   0.602627805303223
679.43037037037   0.5913448162216587
680.181111111111   0.5808645114124106
680.931851851852   0.5706165782312667
681.682592592593   0.5603693120063824
682.433333333333   0.550313341766537
683.184074074074   0.5409668926685193
683.934814814815   0.5316209991006894
684.685555555556   0.5222756908485144
685.436296296296   0.5134328725670771
686.187037037037   0.5048632149364725
686.937777777778   0.4962940370922308
687.688518518518   0.4877817581097801
688.439259259259   0.47988462247138136
689.19   0.4719878699354358
689.940740740741   0.4640915200786401
690.691481481481   0.4565021183704226
691.442222222222   0.4491958751626286
692.192962962963   0.44188994465826176
692.943703703704   0.43458434262029144
693.694444444444   0.4277771698910268
694.445185185185   0.4209930669996211
695.195925925926   0.41420921626007634
695.946666666667   0.407606206322974
696.697407407407   0.4012831854100259
697.448148148148   0.3949603516165593
698.198888888889   0.3886377140726034
698.94962962963   0.3826480652590452
699.70037037037   0.37672753395581315
700.451111111111   0.3708071497507367
701.201851851852   0.3649834673573854
701.952592592593   0.359428523962262
702.703333333333   0.3538736943912186
703.454074074074   0.34831898408685275
704.204814814815   0.34299295900901194
704.955555555556   0.3377647629245407
705.706296296296   0.33253665954321154
706.457037037037   0.3273474371895325
707.207777777778   0.32240354822546136
707.958518518519   0.3174597280718524
708.709259259259   0.3125159800023575
709.46   0.3077153483038818
710.210740740741   0.3030215342395594
710.961481481481   0.2983277742017279
711.712222222222   0.2936359479632032
712.462962962963   0.2891582554163103
713.213703703704   0.28468060252760596
713.964444444444   0.2802029911806898
714.715185185185   0.27580575892377845
715.465925925926   0.2715088559570099
716.216666666667   0.2672119928416358
716.967407407407   0.26291517278223536
717.718148148148   0.2587494173728393
718.468888888889   0.254601441661262
719.21962962963   0.2504535240503672
719.97037037037   0.24634571218455578
720.721111111111   0.24232428578459497
721.471851851852   0.23830293887937753
722.222592592593   0.23428167562948246
722.973333333333   0.23035052520901517
723.724074074074   0.22644900316254749
724.474814814815   0.22254758284219636
725.225555555556   0.2186662817825266
725.976296296296   0.2148709389937214
726.727037037037   0.2110757269904043
727.477777777778   0.20728065288322903
728.228518518519   0.20352901639624818
728.979259259259   0.19980352918869956
729.73   0.19607824974244906
730.480740740741   0.19235729397562637
731.231481481481   0.1886995376281667
731.982222222222   0.1850420670200475
732.732962962963   0.1813848994581808
733.483703703704   0.17776616858516517
734.234444444444   0.17418634389579457
734.985185185185   0.17060692793024013
735.735925925926   0.16702794696437992
736.486666666667   0.16352433092159668
737.237407407407   0.16002659565360644
737.988148148148   0.15652942965175862
738.738888888889   0.1530634336601592
739.48962962963   0.14965026729066971
740.24037037037   0.14623781736106106
740.991111111111   0.1428261352424516
741.741851851852   0.13947786743334206
742.492592592593   0.13614562215073517
743.243333333333   0.13281435699201677
743.994074074074   0.1295040328203701
744.744814814815   0.12625728599901018
745.495555555555   0.12301178192171969
746.246296296296   0.11976762165373532
746.997037037037   0.11659227824772993
747.747777777778   0.1134505209982653
748.498518518518   0.11031043116657488
749.249259259259   0.10718563984870416
750.0   0.10416784638168664
