0.10000000E+01  0.20597056E-10
0.10456357E+01  0.20690190E-10
0.10933540E+01  0.20786021E-10
0.11432499E+01  0.20884544E-10
0.11954229E+01  0.20985747E-10
0.12499768E+01  0.21089605E-10
0.13070204E+01  0.21196082E-10
0.13666671E+01  0.21305131E-10
0.14290359E+01  0.21416691E-10
0.14942509E+01  0.21530684E-10
0.15624421E+01  0.21647021E-10
0.16337452E+01  0.21765592E-10
0.17083022E+01  0.21886272E-10
0.17862617E+01  0.22008916E-10
0.18677790E+01  0.22133363E-10
0.19530164E+01  0.22259427E-10
0.20421436E+01  0.22386905E-10
0.21353382E+01  0.22515572E-10
0.22327858E+01  0.22645184E-10
0.23346805E+01  0.22775475E-10
0.24412252E+01  0.22906160E-10
0.25526322E+01  0.23036937E-10
0.26691232E+01  0.23167488E-10
0.27909305E+01  0.23297485E-10
0.29182965E+01  0.23426589E-10
0.30514749E+01  0.23554461E-10
0.31907310E+01  0.23680767E-10
0.33363422E+01  0.23805187E-10
0.34885984E+01  0.23927425E-10
0.36478030E+01  0.24047227E-10
0.38142729E+01  0.24164394E-10
0.39883398E+01  0.24278804E-10
0.41703504E+01  0.24390440E-10
0.43606672E+01  0.24499415E-10
0.45596692E+01  0.24606013E-10
0.47677528E+01  0.24710688E-10
0.49853324E+01  0.24813477E-10
0.52128414E+01  0.24914000E-10
0.54507329E+01  0.25011864E-10
0.56994808E+01  0.25106683E-10
0.59595804E+01  0.25198087E-10
0.62315499E+01  0.25285737E-10
0.65159309E+01  0.25369335E-10
0.68132898E+01  0.25448648E-10
0.71242189E+01  0.25523529E-10
0.74493374E+01  0.25593944E-10
0.77892930E+01  0.25660002E-10
0.81447626E+01  0.25722000E-10
0.85164544E+01  0.25780432E-10
0.89051085E+01  0.25835417E-10
0.93114992E+01  0.25886640E-10
0.97364357E+01  0.25933793E-10
0.10180765E+02  0.25976606E-10
0.10645371E+02  0.26014862E-10
0.11131179E+02  0.26048419E-10
0.11639158E+02  0.26077228E-10
0.12170319E+02  0.26101364E-10
0.12725720E+02  0.26121060E-10
0.13306467E+02  0.26136743E-10
0.13913716E+02  0.26149083E-10
0.14548678E+02  0.26158659E-10
0.15212617E+02  0.26165354E-10
0.15906855E+02  0.26168949E-10
0.16632775E+02  0.26169241E-10
0.17391823E+02  0.26166046E-10
0.18185510E+02  0.26159213E-10
0.19015418E+02  0.26148629E-10
0.19883200E+02  0.26134239E-10
0.20790583E+02  0.26116057E-10
0.21739375E+02  0.26094124E-10
0.22731466E+02  0.26068309E-10
0.23768832E+02  0.26038446E-10
0.24853539E+02  0.26004406E-10
0.25987747E+02  0.25966104E-10
0.27173715E+02  0.25923515E-10
0.28413806E+02  0.25876688E-10
0.29710489E+02  0.25825634E-10
0.31066348E+02  0.25770163E-10
0.32484081E+02  0.25710072E-10
0.33966514E+02  0.25645176E-10
0.35516599E+02  0.25575313E-10
0.37137423E+02  0.25500358E-10
0.38832214E+02  0.25420202E-10
0.40604349E+02  0.25334643E-10
0.42457356E+02  0.25243457E-10
0.44394926E+02  0.25146438E-10
0.46420918E+02  0.25043405E-10
0.48539368E+02  0.24934212E-10
0.50754495E+02  0.24818742E-10
0.53070711E+02  0.24696820E-10
0.55492628E+02  0.24568254E-10
0.58025072E+02  0.24432888E-10
0.60673085E+02  0.24290602E-10
0.63441942E+02  0.24141281E-10
0.66337158E+02  0.23984761E-10
0.69364499E+02  0.23820908E-10
0.72529995E+02  0.23649632E-10
0.75839950E+02  0.23470868E-10
0.79300958E+02  0.23284460E-10
0.82919910E+02  0.23090241E-10
0.86704016E+02  0.22888070E-10
0.90660813E+02  0.22677850E-10
0.94798180E+02  0.22459672E-10
0.99124359E+02  0.22233883E-10
0.10364797E+03  0.22000998E-10
0.10837801E+03  0.21761483E-10
0.11332391E+03  0.21514943E-10
0.11849553E+03  0.21260625E-10
0.12390315E+03  0.20997693E-10
0.12955756E+03  0.20726215E-10
0.13547000E+03  0.20447010E-10
0.14165227E+03  0.20161135E-10
0.14811666E+03  0.19868957E-10
0.15487607E+03  0.19569962E-10
0.16194394E+03  0.19263442E-10
0.16933436E+03  0.18949122E-10
0.17706205E+03  0.18627619E-10
0.18514240E+03  0.18299726E-10
0.19359150E+03  0.17965639E-10
0.20242617E+03  0.17625072E-10
0.21166403E+03  0.17277798E-10
0.22132346E+03  0.16924044E-10
0.23142371E+03  0.16564158E-10
0.24198488E+03  0.16198421E-10
0.25302803E+03  0.15826997E-10
0.26457513E+03  0.15450144E-10
0.27664920E+03  0.15068415E-10
0.28927427E+03  0.14682369E-10
0.30247550E+03  0.14292252E-10
0.31627917E+03  0.13898185E-10
0.33071278E+03  0.13500504E-10
0.34580508E+03  0.13099690E-10
0.36158613E+03  0.12696209E-10
0.37808736E+03  0.12290554E-10
0.39534163E+03  0.11883567E-10
0.41338331E+03  0.11476112E-10
0.43224834E+03  0.11068228E-10
0.45197428E+03  0.10660114E-10
0.47260044E+03  0.10253524E-10
0.49416788E+03  0.98494319E-11
0.51671956E+03  0.94475982E-11
0.54030041E+03  0.90484452E-11
0.56495738E+03  0.86528333E-11
0.59073959E+03  0.82620544E-11
0.61769839E+03  0.78769508E-11
0.64588748E+03  0.74980210E-11
0.67536299E+03  0.71258639E-11
0.70618363E+03  0.67611432E-11
0.73841080E+03  0.64044624E-11
0.77210867E+03  0.60563148E-11
0.80734438E+03  0.57175012E-11
0.84418808E+03  0.53885317E-11
0.88271317E+03  0.50695620E-11
0.92299639E+03  0.47609212E-11
0.96511795E+03  0.44633972E-11
0.10091618E+04  0.41770817E-11
0.10552155E+04  0.39021022E-11
0.11033710E+04  0.36386232E-11
0.11537241E+04  0.33867449E-11
0.12063751E+04  0.31465516E-11
0.12614288E+04  0.29180529E-11
0.13189950E+04  0.27011872E-11
0.13791882E+04  0.24957676E-11
0.14421284E+04  0.23016935E-11
0.15079409E+04  0.21188212E-11
0.15767568E+04  0.19467869E-11
0.16487131E+04  0.17853551E-11
0.17239533E+04  0.16343617E-11
0.18026270E+04  0.14932907E-11
0.18848911E+04  0.13618605E-11
0.19709094E+04  0.12396563E-11
0.20608532E+04  0.11263394E-11
0.21549016E+04  0.10214759E-11
0.22532420E+04  0.92463835E-12
0.23560703E+04  0.83543285E-12
0.24635911E+04  0.75346474E-12
0.25760188E+04  0.67818842E-12
0.26935771E+04  0.60941317E-12
0.28165003E+04  0.54655055E-12
0.29450332E+04  0.48928294E-12
0.30794318E+04  0.43721978E-12
0.32199637E+04  0.38999301E-12
0.33669090E+04  0.34724776E-12
0.35205601E+04  0.30863140E-12
0.36812233E+04  0.27382141E-12
0.38492184E+04  0.24251034E-12
0.40248800E+04  0.21440353E-12
0.42085582E+04  0.18923200E-12
0.44006186E+04  0.16672630E-12
0.46014438E+04  0.14664771E-12
0.48114338E+04  0.12877115E-12
0.50310068E+04  0.11287845E-12
0.52606002E+04  0.98773799E-13
0.55006712E+04  0.86300458E-13
0.57516981E+04  0.75270443E-13
0.60141807E+04  0.65540879E-13
0.62886419E+04  0.56976604E-13
0.65756283E+04  0.49448337E-13
0.68757115E+04  0.42844001E-13
0.71894893E+04  0.37061059E-13
0.75175865E+04  0.32006847E-13
0.78606566E+04  0.27596112E-13
0.82193830E+04  0.23754926E-13
0.85944801E+04  0.20417525E-13
0.89866950E+04  0.17521365E-13
0.93968089E+04  0.15011799E-13
0.98256386E+04  0.12842479E-13
0.10274038E+05  0.10969849E-13
0.10742901E+05  0.93554523E-14
0.11233160E+05  0.79684501E-14
0.11745793E+05  0.67764980E-14
0.12281820E+05  0.57553396E-14
0.12842310E+05  0.48809761E-14
0.13428377E+05  0.41337485E-14
0.14041190E+05  0.34964224E-14
0.14681969E+05  0.29534483E-14
0.15351991E+05  0.24915195E-14
0.16052589E+05  0.20990787E-14
0.16785160E+05  0.17668149E-14
0.17551162E+05  0.14849423E-14
0.18352121E+05  0.12464876E-14
0.19189633E+05  0.10450659E-14
0.20065365E+05  0.87509272E-15
0.20981061E+05  0.73202935E-15
0.21938546E+05  0.61169837E-15
0.22939727E+05  0.51027951E-15
0.23986596E+05  0.42536343E-15
0.25081241E+05  0.35403534E-15
0.26225840E+05  0.29429410E-15
0.27422674E+05  0.24444434E-15
0.28674126E+05  0.20277506E-15
0.29982690E+05  0.16808999E-15
0.31350970E+05  0.13911030E-15
0.32781693E+05  0.11506293E-15
0.34277707E+05  0.94962504E-16
0.35841994E+05  0.78403104E-16
0.37477667E+05  0.64557548E-16
0.39187986E+05  0.53199494E-16
0.40976356E+05  0.43797299E-16
0.42846340E+05  0.35987797E-16
0.44801661E+05  0.29526344E-16
0.46846215E+05  0.24190736E-16
0.48984074E+05  0.19803220E-16
0.51219495E+05  0.16205073E-16
0.53556932E+05  0.13257211E-16
0.56001038E+05  0.10833027E-16
0.58556683E+05  0.88191753E-17
0.61228957E+05  0.71878989E-17
0.64023182E+05  0.58592260E-17
0.66944923E+05  0.47576254E-17
0.70000000E+05  0.38640155E-17