Energy
(MeV)	Elec. Stopping Power
(MeV cm2 g-1)	Ionizing Dose*
(MeV g-1)	Ionizing Dose*
(Gy)
1.0000e-05	2.9330e+01	2.9330e+01	4.7003e-09
1.5000e-05	3.5920e+01	3.5920e+01	5.7564e-09
2.0000e-05	4.1480e+01	4.1480e+01	6.6474e-09
2.5000e-05	4.6370e+01	4.6370e+01	7.4311e-09
3.0000e-05	5.0800e+01	5.0800e+01	8.1410e-09
3.5000e-05	5.4870e+01	5.4870e+01	8.7933e-09
4.0000e-05	5.8660e+01	5.8660e+01	9.4006e-09
4.5000e-05	6.2210e+01	6.2210e+01	9.9696e-09
5.0000e-05	6.5580e+01	6.5580e+01	1.0510e-08
5.5000e-05	6.8780e+01	6.8780e+01	1.1022e-08
6.0000e-05	7.1840e+01	7.1840e+01	1.1513e-08
6.5000e-05	7.4770e+01	7.4770e+01	1.1982e-08
7.0000e-05	7.7590e+01	7.7590e+01	1.2434e-08
7.5000e-05	8.0320e+01	8.0320e+01	1.2872e-08
8.0000e-05	8.2950e+01	8.2950e+01	1.3293e-08
8.5000e-05	8.5500e+01	8.5500e+01	1.3702e-08
9.0000e-05	8.7980e+01	8.7980e+01	1.4099e-08
9.5000e-05	9.0390e+01	9.0390e+01	1.4486e-08
1.0000e-04	9.2740e+01	9.2740e+01	1.4862e-08
1.5000e-04	1.1360e+02	1.1360e+02	1.8205e-08
2.0000e-04	1.3120e+02	1.3120e+02	2.1026e-08
2.5000e-04	1.4660e+02	1.4660e+02	2.3494e-08
3.0000e-04	1.6060e+02	1.6060e+02	2.5737e-08
3.5000e-04	1.7350e+02	1.7350e+02	2.7804e-08
4.0000e-04	1.8550e+02	1.8550e+02	2.9728e-08
4.5000e-04	1.9670e+02	1.9670e+02	3.1522e-08
5.0000e-04	2.0740e+02	2.0740e+02	3.3237e-08
5.5000e-04	2.1750e+02	2.1750e+02	3.4856e-08
6.0000e-04	2.2720e+02	2.2720e+02	3.6410e-08
6.5000e-04	2.3640e+02	2.3640e+02	3.7885e-08
7.0000e-04	2.4540e+02	2.4540e+02	3.9327e-08
7.5000e-04	2.5400e+02	2.5400e+02	4.0705e-08
8.0000e-04	2.6230e+02	2.6230e+02	4.2035e-08
8.5000e-04	2.7040e+02	2.7040e+02	4.3333e-08
9.0000e-04	2.7820e+02	2.7820e+02	4.4583e-08
9.5000e-04	2.8590e+02	2.8590e+02	4.5817e-08
1.0000e-03	2.9330e+02	2.9330e+02	4.7003e-08
1.5000e-03	3.5920e+02	3.5920e+02	5.7564e-08
2.0000e-03	4.1480e+02	4.1480e+02	6.6474e-08
2.5000e-03	4.6370e+02	4.6370e+02	7.4311e-08
3.0000e-03	5.0800e+02	5.0800e+02	8.1410e-08
3.5000e-03	5.4870e+02	5.4870e+02	8.7933e-08
4.0000e-03	5.8660e+02	5.8660e+02	9.4006e-08
4.5000e-03	6.2210e+02	6.2210e+02	9.9696e-08
5.0000e-03	6.5580e+02	6.5580e+02	1.0510e-07
5.5000e-03	6.8780e+02	6.8780e+02	1.1022e-07
6.0000e-03	7.1840e+02	7.1840e+02	1.1513e-07
6.5000e-03	7.4770e+02	7.4770e+02	1.1982e-07
7.0000e-03	7.7590e+02	7.7590e+02	1.2434e-07
7.5000e-03	8.0320e+02	8.0320e+02	1.2872e-07
8.0000e-03	8.2950e+02	8.2950e+02	1.3293e-07
8.5000e-03	8.5510e+02	8.5510e+02	1.3704e-07
9.0000e-03	8.7980e+02	8.7980e+02	1.4099e-07
9.5000e-03	9.0400e+02	9.0400e+02	1.4487e-07
1.0000e-02	9.2740e+02	9.2740e+02	1.4862e-07
1.5000e-02	1.1360e+03	1.1360e+03	1.8205e-07
2.0000e-02	1.3120e+03	1.3120e+03	2.1026e-07
2.5000e-02	1.4610e+03	1.4610e+03	2.3413e-07
3.0000e-02	1.5710e+03	1.5710e+03	2.5176e-07
3.5000e-02	1.6700e+03	1.6700e+03	2.6763e-07
4.0000e-02	1.7590e+03	1.7590e+03	2.8189e-07
4.5000e-02	1.8400e+03	1.8400e+03	2.9487e-07
5.0000e-02	1.9160e+03	1.9160e+03	3.0705e-07
5.5000e-02	1.9870e+03	1.9870e+03	3.1843e-07
6.0000e-02	2.0530e+03	2.0530e+03	3.2901e-07
6.5000e-02	2.1160e+03	2.1160e+03	3.3910e-07
7.0000e-02	2.1750e+03	2.1750e+03	3.4856e-07
7.5000e-02	2.2320e+03	2.2320e+03	3.5769e-07
8.0000e-02	2.2860e+03	2.2860e+03	3.6635e-07
8.5000e-02	2.3380e+03	2.3380e+03	3.7468e-07
9.0000e-02	2.3880e+03	2.3880e+03	3.8269e-07
9.5000e-02	2.4360e+03	2.4360e+03	3.9038e-07
1.0000e-01	2.4820e+03	2.4820e+03	3.9776e-07
1.5000e-01	2.8630e+03	2.8630e+03	4.5881e-07
2.0000e-01	3.1660e+03	3.1660e+03	5.0737e-07
2.5000e-01	3.4450e+03	3.4450e+03	5.5208e-07
3.0000e-01	3.7140e+03	3.7140e+03	5.9519e-07
3.5000e-01	3.9700e+03	3.9700e+03	6.3622e-07
4.0000e-01	4.2130e+03	4.2130e+03	6.7516e-07
4.5000e-01	4.4440e+03	4.4440e+03	7.1218e-07
5.0000e-01	4.6640e+03	4.6640e+03	7.4744e-07
5.5000e-01	4.8740e+03	4.8740e+03	7.8109e-07
6.0000e-01	5.0750e+03	5.0750e+03	8.1330e-07
6.5000e-01	5.2690e+03	5.2690e+03	8.4439e-07
7.0000e-01	5.4560e+03	5.4560e+03	8.7436e-07
7.5000e-01	5.6370e+03	5.6370e+03	9.0337e-07
8.0000e-01	5.8110e+03	5.8110e+03	9.3125e-07
8.5000e-01	5.9810e+03	5.9810e+03	9.5849e-07
9.0000e-01	6.1460e+03	6.1460e+03	9.8494e-07
9.5000e-01	6.3050e+03	6.3050e+03	1.0104e-06
1.0000e+00	6.4610e+03	6.4610e+03	1.0354e-06
1.5000e+00	7.7820e+03	7.7820e+03	1.2471e-06
2.0000e+00	8.7150e+03	8.7150e+03	1.3966e-06
2.5000e+00	9.3280e+03	9.3280e+03	1.4949e-06
3.0000e+00	9.7060e+03	9.7060e+03	1.5554e-06
3.5000e+00	9.9220e+03	9.9220e+03	1.5901e-06
4.0000e+00	1.0030e+04	1.0030e+04	1.6074e-06
4.5000e+00	1.0060e+04	1.0060e+04	1.6122e-06
5.0000e+00	1.0040e+04	1.0040e+04	1.6090e-06
5.5000e+00	9.9840e+03	9.9840e+03	1.6000e-06
6.0000e+00	9.8990e+03	9.8990e+03	1.5864e-06
6.5000e+00	9.7930e+03	9.7930e+03	1.5694e-06
7.0000e+00	9.6730e+03	9.6730e+03	1.5502e-06
7.5000e+00	9.5410e+03	9.5410e+03	1.5290e-06
8.0000e+00	9.4030e+03	9.4030e+03	1.5069e-06
8.5000e+00	9.2590e+03	9.2590e+03	1.4838e-06
9.0000e+00	9.1120e+03	9.1120e+03	1.4603e-06
9.5000e+00	8.9640e+03	8.9640e+03	1.4365e-06
1.0000e+01	8.8150e+03	8.8150e+03	1.4127e-06
1.5000e+01	7.4430e+03	7.4430e+03	1.1928e-06
2.0000e+01	6.3700e+03	6.3700e+03	1.0208e-06
2.5000e+01	5.6000e+03	5.6000e+03	8.9744e-07
3.0000e+01	5.0480e+03	5.0480e+03	8.0897e-07
3.5000e+01	4.5350e+03	4.5350e+03	7.2676e-07
4.0000e+01	4.1240e+03	4.1240e+03	6.6090e-07
4.5000e+01	3.7860e+03	3.7860e+03	6.0673e-07
5.0000e+01	3.5030e+03	3.5030e+03	5.6138e-07
5.5000e+01	3.2610e+03	3.2610e+03	5.2260e-07
6.0000e+01	3.0530e+03	3.0530e+03	4.8926e-07
6.5000e+01	2.8710e+03	2.8710e+03	4.6010e-07
7.0000e+01	2.7110e+03	2.7110e+03	4.3446e-07
7.5000e+01	2.5680e+03	2.5680e+03	4.1154e-07
8.0000e+01	2.4400e+03	2.4400e+03	3.9103e-07
8.5000e+01	2.3250e+03	2.3250e+03	3.7260e-07
9.0000e+01	2.2210e+03	2.2210e+03	3.5593e-07
9.5000e+01	2.1260e+03	2.1260e+03	3.4071e-07
1.0000e+02	2.0390e+03	2.0390e+03	3.2676e-07